0.0002162589210327 0.0000291440011253 -0.0213885540728645 0.0168940319565752 0.0146226325613268 -0.0124989188168157 -0.0164210967026261 -0.0033855801566987 
0.0000291440011253 0.0006120712017665 -0.0257836548576205 -0.0380903809711670 0.0469608089175341 -0.0618545529654188 -0.0442765408504419 0.0222798507051940 
-0.0213885540728645 -0.0257836548576205 16.9669992070069782 3.4283769905698045 -11.9189147829076241 19.0312914942690412 14.2047451000701432 -4.4497153752896565 
0.0168940319565752 -0.0380903809711670 3.4283769905698045 5.5051730213548327 -4.0148578648359639 7.4495674990765197 4.7348890362252511 -2.6203043952080494 
0.0146226325613268 0.0469608089175341 -11.9189147829076241 -4.0148578648359639 10.7679401644238322 -15.9799422694276601 -11.7408077824899930 3.6626019560287220 
-0.0124989188168157 -0.0618545529654188 19.0312914942690412 7.4495674990765197 -15.9799422694276601 25.7298803570227435 18.3130233106764564 -5.9251446505619736 
-0.0164210967026261 -0.0442765408504419 14.2047451000701432 4.7348890362252511 -11.7408077824899930 18.3130233106764564 14.3545577947449701 -3.9145796113401157 
-0.0033855801566987 0.0222798507051940 -4.4497153752896565 -2.6203043952080494 3.6626019560287220 -5.9251446505619736 -3.9145796113401157 2.7750889562944976 
