0.0002949128530678 -0.0000175076093424 -0.0181323459864197 0.0184724269691253 0.0128313899258520 0.0050012716332457 -0.0230342173258292 -0.0112844635585739 
-0.0000175076093424 0.0006507170229690 -0.0337513340735270 -0.0343169780585503 0.0446165881473072 -0.0786782828651689 -0.0518100757382369 -0.0057459080572560 
-0.0181323459864197 -0.0337513340735270 21.6378579490855039 2.3826837813816311 -14.4030769145984809 21.9241496332785992 17.4673125737041808 -3.1176906364887893 
0.0184724269691253 -0.0343169780585503 2.3826837813816311 4.1640206864900922 -2.3576820121460194 7.0314896370883986 2.5837214656734728 -1.2682276357082478 
0.0128313899258520 0.0446165881473072 -14.4030769145984809 -2.3576820121460194 11.1247627515484222 -16.2169734645001462 -12.5981315749227196 2.0569391720187689 
0.0050012716332457 -0.0786782828651689 21.9241496332785992 7.0314896370883986 -16.2169734645001462 28.1982486999361157 18.5652062032441307 -4.0908670726281908 
-0.0230342173258292 -0.0518100757382369 17.4673125737041808 2.5837214656734728 -12.5981315749227196 18.5652062032441307 16.1134489845734663 -1.6859074620143115 
-0.0112844635585739 -0.0057459080572560 -3.1176906364887893 -1.2682276357082478 2.0569391720187689 -4.0908670726281908 -1.6859074620143115 2.3383123942258983 
