0.0004307408812286 -0.0000491188899959 -0.0137957880534896 0.0217728285775191 -0.0001374567014277 0.0027840127513235 -0.0045064989106907 -0.0163600928027533 
-0.0000491188899959 0.0006352849069573 -0.0273197923887178 -0.0395495761012327 0.0318155622043476 -0.0513798553286289 -0.0460050585950488 0.0165385509047036 
-0.0137957880534896 -0.0273197923887178 8.9343450878915913 5.4537530366214639 -7.5873546211198448 10.8776524082323114 9.0947177077675523 -4.9986570989205843 
0.0217728285775191 -0.0395495761012327 5.4537530366214639 7.0601926452923314 -6.0726497459378583 9.2506044517151942 7.5358443775141151 -4.5658430664469147 
-0.0001374567014277 0.0318155622043476 -7.5873546211198448 -6.0726497459378583 8.5333127471232881 -10.9080695918683901 -9.3411537609483002 5.1372292795769434 
0.0027840127513235 -0.0513798553286289 10.8776524082323114 9.2506044517151942 -10.9080695918683901 15.5906881032705193 12.7833803876839003 -7.1845163191098136 
-0.0045064989106907 -0.0460050585950488 9.0947177077675523 7.5358443775141151 -9.3411537609483002 12.7833803876839003 11.7187428596492698 -5.7569813824531213 
-0.0163600928027533 0.0165385509047036 -4.9986570989205843 -4.5658430664469147 5.1372292795769434 -7.1845163191098136 -5.7569813824531213 4.3859423529834523 
