0.0001287841680009 0.0000527801412637 -0.0139346722597161 -0.0063398295095267 0.0091424798637417 -0.0112169291772221 -0.0089139384621455 -0.0024694577256492 
0.0000527801412637 0.0006274944098444 -0.0278509308693339 -0.0417141757380383 0.0528025821749558 -0.0749022807853209 -0.0569045351592393 0.0254009790149085 
-0.0139346722597161 -0.0278509308693339 8.5409913527329504 6.3868003312740882 -7.8706181322749682 10.4130024574879201 8.9742664835658346 -5.8975459354649811 
-0.0063398295095267 -0.0417141757380383 6.3868003312740882 7.0323809966097635 -7.3590344262097549 9.9487223459159591 8.4308043972311548 -5.5378185513652429 
0.0091424798637417 0.0528025821749558 -7.8706181322749682 -7.3590344262097549 9.9094032838753492 -12.0493205882432228 -10.2254293004253114 6.7123114365052059 
-0.0112169291772221 -0.0749022807853209 10.4130024574879201 9.9487223459159591 -12.0493205882432228 16.4872592326851546 13.1677539566910280 -8.5978683425601883 
-0.0089139384621455 -0.0569045351592393 8.9742664835658346 8.4308043972311548 -10.2254293004253114 13.1677539566910280 12.1351388584364628 -7.2608494347756123 
-0.0024694577256492 0.0254009790149085 -5.8975459354649811 -5.5378185513652429 6.7123114365052059 -8.5978683425601883 -7.2608494347756123 5.8643966680795767 
