2.3015005537395981 0.0039530743975237 -0.1268704450711590 -0.2471672623930113 -0.2327016100346000 0.3481809088181198 0.0809173536220192 0.1971983916622144 
0.0039530743975237 2.6970183056111638 -0.2553121875384849 0.0083687814403415 -0.1434806309166359 0.3797066830527990 0.1504747702615434 0.2759348176796703 
-0.1268704450711590 -0.2553121875384849 1.6833653611817101 -0.1920403570677170 -0.0505914314612419 -0.1638094708203532 -0.0697878454023440 -0.0285403737439223 
-0.2471672623930113 0.0083687814403415 -0.1920403570677170 2.6358289765330492 0.1157635786715709 -0.1445077222100768 -0.1836091525801370 0.1432887225596601 
-0.2327016100346000 -0.1434806309166359 -0.0505914314612419 0.1157635786715709 1.9167012275013762 -0.2240076360533833 0.0534079949184962 -0.0482402727984637 
0.3481809088181198 0.3797066830527990 -0.1638094708203532 -0.1445077222100768 -0.2240076360533833 1.7447488679989163 0.0520404553981694 0.0429405060295969 
0.0809173536220192 0.1504747702615434 -0.0697878454023440 -0.1836091525801370 0.0534079949184962 0.0520404553981694 2.1753526650558279 -0.0110525069330268 
0.1971983916622144 0.2759348176796703 -0.0285403737439223 0.1432887225596601 -0.0482402727984637 0.0429405060295969 -0.0110525069330268 2.0016819073906977 
