3.2057194123349149 0.3164732267913453 -0.4181196355935045 0.0098767667535435 -1.2574219159528106 0.2983445966557660 -0.4393873306602928 0.5744903791567627 
0.3164732267913453 4.3956615315596625 -0.3481443989614665 -0.2491576175381635 0.7392361815836144 0.3901914551402452 0.1611963054324693 1.4430257753933451 
-0.4181196355935045 -0.3481443989614665 4.9117528943085516 0.3013791007042916 0.2796272092904103 0.1363953290504389 0.2324002265925128 0.4078740576469830 
0.0098767667535435 -0.2491576175381635 0.3013791007042916 3.2624769942846923 1.5575822867701334 0.6994555109199577 -0.4534892924656780 0.1705495800865356 
-1.2574219159528106 0.7392361815836144 0.2796272092904103 1.5575822867701334 3.8367808873351912 -1.1610784607675775 -0.1465813301633283 0.1595139755855109 
0.2983445966557660 0.3901914551402452 0.1363953290504389 0.6994555109199577 -1.1610784607675775 1.6175605725292477 1.1356620976688128 -0.3063274074343306 
-0.4393873306602928 0.1611963054324693 0.2324002265925128 -0.4534892924656780 -0.1465813301633283 1.1356620976688128 3.6177783731570381 0.1081539459766170 
0.5744903791567627 1.4430257753933451 0.4078740576469830 0.1705495800865356 0.1595139755855109 -0.3063274074343306 0.1081539459766170 4.4754554569847063 
