1.8179728933704904 0.1337708205352621 -0.1371099739282176 -0.0537921604421255 -0.0460516141888195 0.1329937581592286 0.1097107922776218 0.1556164677081486 
0.1337708205352621 2.1867677331877626 -0.3903801186743888 -0.0311478520887969 -0.0511405390429013 0.3039084793889018 0.1990960188593281 0.3539298128140435 
-0.1371099739282176 -0.3903801186743888 1.4291233180501215 -0.1994996133069041 -0.0377966103356576 -0.1142991781614318 -0.1064169102849111 -0.0851030688191092 
-0.0537921604421255 -0.0311478520887969 -0.1994996133069041 1.9855252933606702 0.1706234851746585 0.1307611159600758 -0.0915626926457184 0.1832323806524398 
-0.0460516141888195 -0.0511405390429013 -0.0377966103356576 0.1706234851746585 1.5624837164565306 -0.1795300328155863 0.1070448714642057 -0.1059148968951155 
0.1329937581592286 0.3039084793889018 -0.1142991781614318 0.1307611159600758 -0.1795300328155863 1.5114880670798623 -0.1467729182035974 0.0183920255223422 
0.1097107922776218 0.1990960188593281 -0.1064169102849111 -0.0915626926457184 0.1070448714642057 -0.1467729182035974 1.7556483954138911 0.0548752511290179 
0.1556164677081486 0.3539298128140435 -0.0851030688191092 0.1832323806524398 -0.1059148968951155 0.0183920255223422 0.0548752511290179 1.8360125449176119 
