2.9109522450651131 0.1384217989213285 -0.1142261262688145 -0.2033683662473528 -0.6433240993249412 0.2903014833440866 -0.2039810653270541 0.2045171550680616 
0.1384217989213285 3.2142259864075946 0.3676881179099439 0.1378240852120389 -0.0814869337980703 0.3236713561189847 0.1142603701730549 0.3623774350330085 
-0.1142261262688145 0.3676881179099439 2.3527538618524595 0.0072627662648591 -0.2429131075693853 0.1757625899360562 -0.4975248436541139 -0.1702901163013529 
-0.2033683662473528 0.1378240852120389 0.0072627662648591 3.2074167730611158 0.1955893287210999 -0.4869531252366908 0.0252732050839795 -0.1038448862865788 
-0.6433240993249412 -0.0814869337980703 -0.2429131075693853 0.1955893287210999 2.8158602958143812 -0.0719429900046138 0.2132976738739422 0.0349318367606993 
0.2903014833440866 0.3236713561189847 0.1757625899360562 -0.4869531252366908 -0.0719429900046138 1.9289996054202128 -0.0260444658010099 -0.1553321038448103 
-0.2039810653270541 0.1142603701730549 -0.4975248436541139 0.0252732050839795 0.2132976738739422 -0.0260444658010099 2.7492498343861813 0.2340047327390617 
0.2045171550680616 0.3623774350330085 -0.1702901163013529 -0.1038448862865788 0.0349318367606993 -0.1553321038448103 0.2340047327390617 3.2257130121141557 
