2.4577124259909611 0.0110132749115616 0.0808884037908273 -0.1270341770457354 -0.2879219703312291 0.2211281576799806 -0.0371459251476026 0.1802407672165527 
0.0110132749115616 3.0716136152217803 0.0607932885509153 0.0010525022728268 -0.0306189802693592 0.2140615193830914 0.0212845154006449 0.3860411405735942 
0.0808884037908273 0.0607932885509153 1.9996984259822441 -0.0252353799943506 -0.3378496019751074 -0.2066813991132205 -0.1081975132651887 -0.1550337711800536 
-0.1270341770457354 0.0010525022728268 -0.0252353799943506 2.8483451089937879 0.2878424829139776 -0.2474054234300694 -0.0487070956714499 -0.1044943155947123 
-0.2879219703312291 -0.0306189802693592 -0.3378496019751074 0.2878424829139776 2.4468489350054301 0.0701595096112489 0.1700178291627242 -0.3286481774506455 
0.2211281576799806 0.2140615193830914 -0.2066813991132205 -0.2474054234300694 0.0701595096112489 1.8467901760340437 0.0839940046486162 0.1806765906839315 
-0.0371459251476026 0.0212845154006449 -0.1081975132651887 -0.0487070956714499 0.1700178291627242 0.0839940046486162 2.3439919659760351 -0.0213924211840333 
0.1802407672165527 0.3860411405735942 -0.1550337711800536 -0.1044943155947123 -0.3286481774506455 0.1806765906839315 -0.0213924211840333 2.4367490073121316 
